do local library=loadstring(game:HttpGet("https://raw.githubusercontent.com/KyleXAkimbo/Gui/refs/heads/main/INV-UI"))();local window=library:AddWindow("INV HUB || made by invincible",{title_bar={Color3.fromRGB(0,0,0),Color3.fromRGB(0,0,0),Color3.fromRGB(0,0,0)},title_bar_transparency=0.2,background={Color3.fromRGB(0,0,0),Color3.fromRGB(0,0,0),Color3.fromRGB(0,0,0)},background_transparency=0.1,main_color=Color3.fromRGB(0,0,0),min_size=Vector2.new(470,520),can_resize=true});local creditsTab=window:AddTab("Credits");creditsTab:AddLabel("made by Invincible");creditsTab:AddLabel("https://discord.gg/bUythM4H");creditsTab:AddLabel("thank you everyone");local teleportTab=window:AddTab("Teleport");local bossTab=window:AddTab("Bosses");local npcTab=window:AddTab("NPC");local miscTab=window:AddTab("Misc");miscTab:AddButton("Anti Afk (beta)",function() game.Players.LocalPlayer.Idled:Connect(function() VirtualUser:CaptureController();VirtualUser:ClickButton2(Vector2.new());end);end);local function teleportPlayer(cframe) local player=game.Players.LocalPlayer;if (player and player.Character and player.Character:FindFirstChild("HumanoidRootPart")) then player.Character.HumanoidRootPart.CFrame=cframe;end end teleportTab:AddButton("1M strength",function() teleportPlayer(CFrame.new( -905.62,82.07,172.17));end);teleportTab:AddButton("10M strength",function() teleportPlayer(CFrame.new( -2274.72778,665.36792,528.127563, -0.403091997,9.9617266e-9,0.915159464,1.5371144e-8,1, -4.114847e-9, -0.915159464,1.2408386e-8, -0.403091997));end);teleportTab:AddButton("100M strength",function() teleportPlayer(CFrame.new( -51.0139999,63.5114403, -1302.73206,1, -7.412355e-8,2.7692014e-13,7.412355e-8,1, -1.1381688e-8, -2.760765e-13,1.1381688e-8));end);teleportTab:AddButton("1b strength",function() teleportPlayer(CFrame.new(714.550781,140.580719,938.548767,0.957564414, -2.3051192e-9, -0.288219333, -1.1725081e-8,1, -4.6952575e-8,0.288219333,4.8339512e-8,0.957564414));end);teleportTab:AddButton("100b strength",function() teleportPlayer(CFrame.new(1846.15295,140.532867,90.4680023,1, -3.1998074e-8, -5.093466e-14,3.1998074e-8,1,4.0754855e-8,4.963058e-14, -4.0754855e-8));end);teleportTab:AddButton("5T strength",function() teleportPlayer(CFrame.new(1846.15295,140.532867,90.4680023,1,5.7007178e-8, -1.566424e-12, -5.7007178e-8,1, -7.2733044e-8,1.5622777e-12,7.2733044e-8,1));end);teleportTab:AddButton("250T strength",function() teleportPlayer(CFrame.new(4315.36035,63.5203743, -524.74176,0.157272413,9.175664e-8, -0.987555265,5.4831293e-8,1,1.01645035e-7,0.987555265, -7.0134895e-8,0.157272413));end);teleportTab:AddButton("50qd strength",function() teleportPlayer(CFrame.new(797.981018,231.731964, -1002.742,1,2.0192035e-9, -2.1800829e-14, -2.0192035e-9,1, -2.1597028e-8,2.175722e-14,2.1597028e-8,1));end);teleportTab:AddButton("1Qn strength",function() teleportPlayer(CFrame.new(3886.14673,127.192482,875.65448, -0.855604351, -1.1148137e-7, -0.517630339, -9.0731156e-8,1, -6.5396854e-8,0.517630339, -8.988638e-9, -0.855604351));end);teleportTab:AddButton("1000Qn strength",function() teleportPlayer(CFrame.new(3933.35498,724.104492, -1197.85803,1, -8.5261334e-8, -1.9429301e-14,8.5261334e-8,1,6.8765247e-9,1.8843e-14, -6.8765247e-9,1));end);teleportTab:AddButton("1m dura",function() teleportPlayer(CFrame.new( -621.54303,178.33287,741.890015,1, -6.265057e-8,4.2260626e-13,6.265057e-8,1, -4.67081e-8, -4.1967997e-13,4.67081e-8,1));end);teleportTab:AddButton("10m dura",function() teleportPlayer(CFrame.new( -1102.31104,211.962875, -946.14502,1,3.61321e-8,1.6159737e-14, -3.61321e-8,1,2.6968522e-8, -1.5185309e-14, -2.6968522e-8,1));end);teleportTab:AddButton("100m dura",function() teleportPlayer(CFrame.new( -341.295013,71.952919, -1653.57898,1,8.123635e-8,2.4344398e-14, -8.123635e-8,1,6.070848e-8, -1.9412664e-14, -6.070848e-8,1));end);teleportTab:AddButton("1b dura",function() teleportPlayer(CFrame.new(2494.74365,1539.05249, -351.093262,0.994515836, -2.1812095e-8, -0.104586348,1.6326124e-8,1, -5.3310096e-8,0.104586348,5.131024e-8,0.994515836));end);teleportTab:AddButton("100b dura",function() teleportPlayer(CFrame.new( -2171.54297,616.849731,525.640015,1,2.7860008e-8,3.8772056e-14, -2.7860008e-8,1,9.161676e-8, -3.6219613e-14, -9.161676e-8,1));end);teleportTab:AddButton("5T dura",function() teleportPlayer(CFrame.new(2188.85107,517.823425,576.671448,0.99974823,1.0661861e-8,0.0224382021, -1.1179562e-8,1,2.2946866e-8, -0.0224382021, -2.3191939e-8,0.99974823));end);teleportTab:AddButton("250T dura",function() teleportPlayer(CFrame.new(1671.97473,423.262909, -1291.61511,0.999993026, -4.5004134e-9, -0.00373420538,4.4853157e-9,1, -4.051509e-9,0.00373420538,4.0347317e-9,0.999993026));end);teleportTab:AddButton("50qd dura",function() teleportPlayer(CFrame.new(165.322006,772.924133, -716.060974,1,1.7310203e-8,1.2000234e-13, -1.7310203e-8,1,1.554967e-8, -1.1973318e-13, -1.554967e-8,1));end);teleportTab:AddButton("1Qn dura",function() teleportPlayer(CFrame.new(2590.823,62.5618439,1697.29504,1, -3.0552986e-8,1.5346617e-13,3.0552986e-8,1, -2.7499015e-8, -1.52626e-13,2.7499015e-8,1));end);teleportTab:AddButton("100Qn dura",function() teleportPlayer(CFrame.new(1726.68701,2304.39966,61.9370003,1, -6.8398485e-8,6.4883835e-14,6.8398485e-8,1, -6.16341e-8, -6.066815e-14,6.16341e-8,1));end);teleportTab:AddButton("1m chakra",function() teleportPlayer(CFrame.new(1576.37305,388.082794,675.159973,1, -2.5639292e-8,8.61154e-15,2.5639292e-8,1, -2.3126217e-8, -8.018601e-15,2.3126217e-8,1));end);teleportTab:AddButton("10m chakra",function() teleportPlayer(CFrame.new(334.134003, -130.258972, -1840.66003,1, -1.0120379e-8,6.456913e-14,1.0120379e-8,1, -9.119607e-9, -6.447684e-14,9.119607e-9,1));end);teleportTab:AddButton("100m chakra",function() teleportPlayer(CFrame.new(1025.95532,250.33287, -631.354309, -0.976074696,3.9629654e-8, -0.217435479,3.1573624e-8,1,4.052438e-8,0.217435479,3.2689595e-8, -0.976074696));end);teleportTab:AddButton("1b chakra",function() teleportPlayer(CFrame.new(3053.94092,110.233376,1105.88,1, -2.1968233e-8, -6.610846e-14,2.1968233e-8,1,1.8126666e-8,6.571025e-14, -1.8126666e-8,1));end);teleportTab:AddButton("100b chakra",function() teleportPlayer(CFrame.new(1552.18799,88.0570755,1717.49805,1, -1.1714108e-8, -1.0162817e-14,1.1714108e-8,1,9.654706e-9,1.0049721e-14, -9.654706e-9,1));end);teleportTab:AddButton("5T chakra",function() teleportPlayer(CFrame.new( -17.0939999,61.4061432, -478.994995,1,2.6364921e-8, -1.2304937e-14, -2.6364921e-8,1, -2.1722029e-8,1.1732238e-14,2.1722029e-8,1));end);teleportTab:AddButton("250T chakra",function() teleportPlayer(CFrame.new( -396.256989,1236.69153,670.549988,1, -2.8668424e-8, -1.3655547e-14,2.8668424e-8,1,2.3595948e-8,1.2979088e-14, -2.3595948e-8,1));end);teleportTab:AddButton("50qd chakra",function() teleportPlayer(CFrame.new( -742.157532,2794.49707,597.357605, -0.948044002, -8.869643e-9,0.318139315, -1.9762622e-7,1, -5.610395e-7, -0.318139315, -5.9476275e-7, -0.948044002));end);teleportTab:AddButton("1Qn chakra",function() teleportPlayer(CFrame.new(3254.87988, -441.64502, -242.198975, -7.168177e-15, -8.185571e-9,1, -8.21829e-10,1,8.185571e-9, -1, -8.21829e-10, -7.174904e-15));end);teleportTab:AddButton("chakra tree",function() teleportPlayer(CFrame.new(358.65625,291.694,1863.7865,0.995459676,3.806954e-8,0.0951843411, -4.123393e-8,1,3.1277978e-8, -0.0951843411, -3.506079e-8,0.995459676));end);teleportTab:AddButton("100k speed/agil",function() teleportPlayer(CFrame.new(3484.51709,59.9308243,144.701004,1, -2.799264e-8, -2.4139303e-13,2.799264e-8,1,6.660348e-8,2.3952864e-13, -6.660348e-8,1));end);teleportTab:AddButton("5mil speed/agil",function() teleportPlayer(CFrame.new(4111.81201,60.852787,849.557007,1, -7.671325e-9, -1.9113903e-14,7.671325e-9,1,1.8236404e-8,1.8974006e-14, -1.8236404e-8,1));end);miscTab:AddButton("Prevent Lag (Boost FPS)",function() local Lighting=game:GetService("Lighting");Lighting.GlobalShadows=false;Lighting.Brightness=1;Lighting.ClockTime=12;Lighting.FogEnd=9999;Lighting.FogStart=0;for _,v in pairs(workspace:GetDescendants()) do if (v:IsA("ParticleEmitter") or v:IsA("Smoke") or v:IsA("Fire") or v:IsA("Sparkles") or v:IsA("BloomEffect") or v:IsA("BlurEffect") or v:IsA("DepthOfFieldEffect") or v:IsA("SunRaysEffect")) then v.Enabled=false;end end settings().Rendering.QualityLevel=Enum.QualityLevel.Level01;end);npcTab:AddButton("ichigo",function() teleportPlayer(CFrame.new(297.918121,220.930817, -1614.56653,0.513736904, -9.54774e-9, -0.857947767, -1.5923823e-9,1, -1.2082094e-8,0.857947767,7.573199e-9,0.513736904));end);npcTab:AddButton("the waifu's-",function() teleportPlayer(CFrame.new(232.053223,60.9308243, -379.009125,0.999530613, -3.2730604e-8,0.0306354202,3.4095894e-8,1, -4.404332e-8, -0.0306354202,4.5067186e-8,0.999530613));end);npcTab:AddButton("Booh",function() teleportPlayer(CFrame.new(1556.34607,140.930817,130.769577, -0.0775194839,6.7769683e-9, -0.99699086,2.6306424e-10,1,6.7769683e-9,0.99699086,2.6306424e-10, -0.0775194839));end);npcTab:AddButton("Remgonuk",function() teleportPlayer(CFrame.new(4293.25098,59.9808235,101.262352, -0.95811981,2.5910945e-9, -0.286367565,4.790662e-10,1,7.445297e-9,0.286367565,6.9962973e-9, -0.95811981));end); end
